%% BA(100,3)
ELODFast =  [45.0, 52.0, 31.0, 35.0, 54.0, 35.0, 43.0, 22.0, 52.0, 30.0, 30.0, 28.333333333333332, 46.0, 30.0, 32.0, 42.0, 21.4, 49.0, 23.75, 64.0, 51.0, 27.0, 38.0, 32.666666666666664, 47.0, 32.5, 31.5, 35.0, 27.0, 36.0, 40.0, 35.5, 41.0, 38.0, 32.0, 31.5, 34.666666666666664, 30.0, 33.0, 38.5, 54.0, 25.0, 31.0, 47.0, 28.333333333333332, 39.0, 33.5, 37.0, 21.75, 29.333333333333332, 32.0, 18.75, 23.0, 38.0, 22.5, 41.0, 30.5, 36.5, 53.0, 30.5, 48.0, 24.666666666666668, 33.0, 39.0, 32.5, 28.0, 35.0, 31.0, 47.0, 38.0, 31.0, 30.333333333333332, 35.0, 28.666666666666668, 34.0, 38.0, 27.0, 25.666666666666668, 33.0, 21.0, 29.333333333333332, 38.5, 30.0, 44.0, 29.666666666666668, 39.0, 37.5, 38.0, 35.0, 35.0, 34.0, 44.0, 46.0, 39.0, 27.666666666666668, 36.0, 44.0, 38.5, 22.5, 43.0] ;
PCSTFast =  [23.166666666666668, 14.545454545454545, 28.0, 35.0, 25.333333333333332, 48.0, 20.6, 17.2, 52.0, 39.0, 23.5, 27.5, 46.0, 19.5, 27.0, 42.0, 17.5, 12.75, 27.5, 38.5, 51.0, 30.0, 45.0, 29.25, 20.8, 22.666666666666668, 25.666666666666668, 35.0, 23.6, 22.5, 22.8, 41.0, 41.0, 38.0, 36.0, 30.0, 29.0, 16.2, 33.0, 48.0, 54.0, 23.0, 35.0, 35.0, 20.2, 30.0, 43.0, 15.833333333333332, 19.333333333333332, 40.0, 30.0, 13.6, 27.0, 20.25, 17.0, 41.0, 8.633333333333333, 47.0, 29.0, 18.428571428571427, 48.0, 23.0, 42.0, 20.8, 15.8, 28.0, 28.5, 43.0, 25.666666666666668, 38.0, 20.0, 27.333333333333332, 35.0, 28.333333333333332, 20.333333333333332, 38.0, 19.2, 17.285714285714285, 20.166666666666668, 22.0, 15.600000000000001, 27.333333333333332, 26.333333333333332, 21.0, 31.5, 20.4, 51.0, 38.0, 12.571428571428571, 12.933333333333334, 10.9375, 19.0, 25.0, 39.0, 40.0, 44.0, 44.0, 38.5, 12.6, 33.0] ;
scatter(PCSTFast, ELODFast, '.')

%% BA(200,3)
ELODFast =  [33.714285714285715, 38.75, 45.5, 48.0, 57.5, 61.0, 47.0, 37.0, 70.0, 40.25, 48.5, 40.333333333333336, 59.0, 34.0, 47.5, 63.0, 32.4, 66.0, 37.666666666666664, 92.0, 79.0, 41.0, 52.5, 43.333333333333336, 72.0, 52.0, 43.5, 45.0, 65.0, 50.0, 40.666666666666664, 53.5, 49.0, 51.0, 46.5, 50.0, 55.0, 44.0, 41.0, 60.5, 75.0, 36.0, 45.0, 65.0, 66.0, 45.0, 45.0, 30.6, 32.666666666666664, 44.333333333333336, 44.5, 28.0, 36.666666666666664, 56.0, 32.0, 61.0, 43.0, 53.5, 72.0, 43.0, 71.0, 38.666666666666664, 49.5, 63.0, 50.5, 45.0, 42.0, 69.0, 66.0, 52.5, 77.0, 50.5, 58.0, 47.5, 47.5, 55.0, 41.0, 34.25, 49.666666666666664, 32.333333333333336, 70.0, 87.0, 48.5, 66.0, 33.2, 47.0, 69.0, 56.0, 43.5, 69.0, 47.0, 59.0, 66.0, 51.0, 47.0, 36.6, 60.0, 43.75, 37.5, 62.0] ;
PCSTFast =  [38.25, 27.857142857142858, 38.5, 48.0, 23.5, 34.333333333333336, 57.0, 36.0, 27.285714285714285, 26.875, 45.0, 37.333333333333336, 59.0, 21.416666666666668, 47.0, 39.666666666666664, 25.75, 66.0, 42.0, 23.083333333333332, 79.0, 47.0, 52.5, 35.75, 23.7, 43.0, 27.0, 18.933333333333334, 65.0, 35.0, 38.5, 48.333333333333336, 55.0, 30.2, 53.0, 28.833333333333332, 42.0, 18.357142857142858, 44.0, 32.5, 75.0, 36.0, 29.4, 58.0, 26.25, 54.0, 29.666666666666668, 39.5, 41.0, 44.333333333333336, 45.0, 30.0, 27.0, 27.4, 22.5, 61.0, 16.3, 70.0, 72.0, 43.0, 71.0, 37.0, 29.5, 36.0, 50.5, 45.0, 27.285714285714285, 28.666666666666668, 51.0, 46.0, 77.0, 28.25, 58.0, 41.666666666666664, 52.0, 55.0, 25.4, 24.0, 79.0, 40.0, 50.5, 87.0, 38.25, 53.0, 53.0, 44.0, 43.0, 56.0, 24.125, 32.0, 47.0, 36.75, 66.0, 51.0, 16.866666666666667, 28.0, 60.0, 43.333333333333336, 47.0, 62.0] ;
scatter(PCSTFast, ELODFast, '.')

%% BA( 300 , 3 )
ELODFast =  [62.5, 61.5, 61.5, 62.0, 54.333333333333336, 83.0, 54.0, 53.0, 86.0, 55.0, 56.0, 47.666666666666664, 71.0, 42.333333333333336, 58.5, 79.0, 39.6, 83.0, 54.5, 113.0, 98.0, 45.666666666666664, 61.0, 53.0, 62.0, 60.0, 44.0, 51.0, 81.0, 60.0, 51.0, 61.0, 59.5, 58.0, 56.5, 63.5, 61.333333333333336, 50.0, 61.0, 74.5, 94.0, 47.0, 57.5, 82.0, 59.5, 52.0, 55.0, 40.25, 37.25, 52.333333333333336, 48.0, 33.5, 62.0, 69.0, 40.0, 69.0, 64.0, 66.0, 65.5, 46.666666666666664, 87.0, 50.0, 56.5, 58.0, 59.5, 54.0, 51.333333333333336, 66.5, 64.5, 67.0, 92.0, 60.5, 71.0, 55.5, 59.0, 66.0, 43.333333333333336, 45.333333333333336, 104.0, 49.0, 51.333333333333336, 116.0, 58.0, 82.0, 53.5, 45.666666666666664, 87.0, 70.0, 50.333333333333336, 89.0, 55.0, 59.0, 78.0, 61.0, 55.0, 63.0, 75.0, 65.5, 38.5, 55.5] ;
PCSTFast =  [44.833333333333336, 55.5, 70.0, 62.0, 28.4, 83.0, 34.285714285714285, 39.333333333333336, 86.0, 28.272727272727273, 50.666666666666664, 34.857142857142854, 71.0, 42.0, 59.0, 49.0, 34.25, 83.0, 53.0, 69.5, 98.0, 47.0, 69.0, 53.0, 67.0, 30.555555555555557, 27.833333333333332, 34.0, 61.0, 60.0, 29.5, 61.0, 32.63636363636363, 58.0, 74.0, 74.0, 61.333333333333336, 20.8125, 61.0, 74.5, 29.625, 39.5, 58.0, 40.666666666666664, 43.5, 32.6, 24.615384615384617, 24.416666666666668, 25.90909090909091, 56.0, 58.0, 20.5, 62.0, 40.0, 31.75, 28.0, 64.0, 87.0, 38.5, 53.5, 87.0, 36.42857142857143, 28.333333333333332, 76.0, 74.0, 54.0, 60.0, 72.0, 54.333333333333336, 48.0, 33.6, 43.0, 43.0, 33.57142857142857, 38.0, 53.5, 29.166666666666668, 27.7, 54.333333333333336, 23.2, 56.0, 116.0, 49.0, 28.2, 69.0, 60.0, 53.666666666666664, 70.0, 25.727272727272727, 35.0, 55.0, 73.0, 78.0, 41.0, 31.285714285714285, 36.0, 75.0, 50.0, 18.307692307692307, 39.0] ;
scatter(PCSTFast, ELODFast, '.')

%% BA( 500 , 3 )
ELODFast =  [70.66666666666667, 68.66666666666667, 61.75, 71.0, 144.0, 111.0, 70.0, 53.0, 109.0, 63.25, 78.0, 68.0, 92.0, 69.0, 78.0, 97.0, 48.833333333333336, 102.0, 70.5, 148.0, 90.5, 55.666666666666664, 84.0, 68.0, 105.0, 69.66666666666667, 55.333333333333336, 72.0, 118.0, 74.0, 94.0, 79.66666666666667, 78.0, 71.5, 79.0, 79.0, 81.33333333333333, 57.0, 79.0, 122.0, 119.0, 64.0, 58.75, 109.0, 59.25, 67.5, 51.8, 51.0, 42.166666666666664, 73.0, 59.0, 40.57142857142857, 66.0, 91.0, 53.0, 94.0, 88.0, 90.0, 71.33333333333333, 92.0, 118.0, 62.333333333333336, 69.5, 92.0, 75.0, 61.0, 65.33333333333333, 120.0, 108.0, 86.5, 75.0, 65.33333333333333, 99.0, 64.0, 75.5, 86.0, 51.75, 52.5, 130.0, 47.75, 101.0, 149.0, 77.0, 73.0, 55.0, 56.0, 113.0, 95.0, 64.33333333333333, 109.0, 68.0, 100.0, 100.0, 82.0, 61.333333333333336, 62.0, 95.0, 74.0, 82.0, 56.5] ;
PCSTFast =  [58.166666666666664, 107.0, 72.5, 41.833333333333336, 144.0, 111.0, 55.0, 37.55555555555556, 109.0, 63.25, 66.0, 49.166666666666664, 92.0, 53.0, 79.0, 29.5625, 42.333333333333336, 102.0, 68.0, 61.25, 113.0, 56.0, 84.0, 54.666666666666664, 105.0, 81.0, 49.0, 41.666666666666664, 85.0, 74.0, 80.0, 70.0, 61.25, 53.333333333333336, 39.0, 94.0, 102.0, 68.0, 79.0, 83.66666666666667, 30.733333333333334, 51.0, 80.0, 52.333333333333336, 28.454545454545453, 79.0, 92.0, 38.375, 67.0, 73.0, 74.0, 50.0, 82.0, 52.333333333333336, 38.75, 94.0, 47.0, 40.8, 105.0, 67.0, 118.0, 48.333333333333336, 64.0, 44.0, 42.75, 61.0, 41.57142857142857, 59.666666666666664, 58.666666666666664, 91.0, 119.0, 48.6, 99.0, 64.0, 84.0, 58.0, 37.0, 54.5, 130.0, 29.473684210526315, 101.0, 149.0, 75.0, 29.466666666666665, 72.0, 83.0, 66.66666666666667, 95.0, 50.0, 51.5, 48.666666666666664, 100.0, 78.0, 82.0, 26.642857142857142, 37.333333333333336, 31.57142857142857, 49.8, 74.0, 51.333333333333336] ;
scatter(PCSTFast, ELODFast, '.')

%% BA( 1000 , 3 )
ELODFast =  [121.5, 80.8, 84.6, 111.0, 211.0, 164.0, 119.5, 98.0, 155.0, 97.66666666666667, 108.0, 95.5, 128.0, 78.66666666666667, 110.0, 142.0, 79.66666666666667, 149.0, 99.5, 218.0, 125.0, 74.33333333333333, 117.5, 141.0, 105.0, 122.5, 69.5, 100.0, 119.5, 107.0, 139.0, 106.33333333333333, 107.0, 117.0, 110.0, 117.5, 110.33333333333333, 79.0, 110.0, 172.0, 158.0, 86.33333333333333, 106.0, 161.0, 146.0, 100.0, 138.0, 87.0, 66.5, 101.66666666666667, 99.0, 61.4, 94.0, 139.0, 72.5, 130.0, 86.66666666666667, 129.0, 119.0, 83.0, 164.0, 85.0, 97.0, 102.0, 115.0, 74.25, 92.0, 123.0, 113.5, 122.0, 173.0, 103.0, 130.0, 88.75, 107.5, 118.0, 79.33333333333333, 102.0, 186.0, 67.2, 108.5, 213.0, 115.5, 152.0, 148.0, 87.66666666666667, 153.0, 132.0, 92.66666666666667, 150.0, 99.0, 146.0, 103.5, 119.0, 89.0, 119.0, 132.0, 115.5, 86.0, 101.0] ;
PCSTFast =  [76.71428571428571, 60.22222222222222, 93.66666666666667, 111.0, 39.9, 65.6, 151.0, 89.0, 155.0, 111.0, 90.0, 69.5, 128.0, 53.55555555555556, 86.0, 79.0, 55.0, 51.333333333333336, 99.5, 82.0, 157.0, 56.4, 126.0, 112.0, 153.0, 56.4, 60.0, 44.0, 160.0, 107.0, 84.75, 72.8, 72.8, 62.0, 52.0, 74.33333333333333, 72.85714285714286, 98.0, 94.0, 172.0, 78.0, 76.6, 64.33333333333333, 74.83333333333333, 89.0, 124.0, 51.0, 118.0, 49.42857142857143, 58.9, 81.0, 40.92857142857143, 114.0, 139.0, 56.75, 73.5, 112.0, 171.0, 98.33333333333333, 70.0, 69.66666666666667, 53.6, 69.5, 121.0, 62.333333333333336, 79.0, 106.0, 161.0, 74.25, 77.16666666666667, 173.0, 90.0, 86.33333333333333, 88.75, 81.33333333333333, 118.0, 77.0, 72.33333333333333, 116.5, 71.0, 80.0, 213.0, 80.66666666666667, 62.5, 75.0, 95.5, 153.0, 132.0, 63.8, 83.0, 99.0, 99.0, 60.25, 119.0, 69.33333333333333, 133.0, 132.0, 95.5, 43.54545454545455, 46.333333333333336] ;
scatter(PCSTFast, ELODFast, '.')

%% BA( 2000 , 3 )
ELODFast =  [174.5, 143.33333333333334, 132.0, 154.0, 194.5, 238.0, 146.0, 120.0, 225.0, 135.5, 150.0, 103.6, 188.0, 112.33333333333333, 158.5, 206.0, 98.16666666666667, 214.0, 140.0, 309.0, 239.0, 124.5, 169.0, 214.0, 213.0, 152.66666666666666, 101.5, 147.0, 219.0, 159.0, 196.0, 155.66666666666666, 121.0, 173.0, 151.5, 159.0, 139.0, 112.5, 159.0, 252.0, 233.0, 132.0, 130.33333333333334, 172.0, 121.5, 173.0, 132.33333333333334, 105.4, 90.6, 151.0, 120.66666666666667, 93.25, 132.5, 194.0, 104.0, 184.0, 109.5, 188.5, 152.0, 99.0, 244.0, 118.33333333333333, 137.5, 131.33333333333334, 210.0, 118.0, 128.0, 248.0, 134.0, 165.0, 132.0, 96.33333333333333, 170.0, 114.6, 153.0, 150.0, 128.0, 121.0, 169.33333333333334, 105.66666666666667, 218.0, 284.0, 164.0, 215.0, 119.0, 108.5, 214.0, 188.0, 152.5, 216.0, 141.0, 198.0, 188.0, 168.0, 122.0, 130.0, 176.0, 130.75, 120.0, 100.6] ;
PCSTFast =  [134.5, 226.0, 143.0, 154.0, 96.5, 238.0, 219.0, 113.33333333333333, 225.0, 167.0, 130.66666666666666, 140.0, 188.0, 149.0, 124.33333333333333, 206.0, 85.33333333333333, 214.0, 109.0, 117.25, 239.0, 126.0, 179.0, 214.0, 107.0, 118.0, 67.33333333333333, 69.45454545454545, 219.0, 122.0, 92.85714285714286, 207.0, 115.33333333333333, 173.0, 185.0, 182.0, 154.0, 101.5, 159.0, 174.0, 126.0, 116.0, 76.875, 139.33333333333334, 214.0, 102.57142857142857, 73.57142857142857, 61.266666666666666, 73.66666666666667, 99.0, 117.66666666666667, 104.0, 163.0, 194.0, 82.0, 184.0, 80.85714285714286, 112.0, 116.4, 119.5, 244.0, 91.75, 70.22222222222223, 88.71428571428571, 86.8, 118.0, 83.4, 204.0, 132.0, 174.0, 119.25, 45.65217391304348, 114.66666666666667, 120.75, 97.5, 150.0, 75.28571428571429, 85.2, 192.5, 100.0, 103.25, 104.16666666666667, 136.0, 78.125, 54.0, 152.0, 119.5, 188.0, 126.66666666666667, 216.0, 89.0, 94.85714285714286, 188.0, 168.0, 57.75, 143.33333333333334, 176.0, 201.0, 150.0, 117.66666666666667] ;
scatter(PCSTFast, ELODFast, '.')

%% BA( 100 , 5 )
ELODFast =  [47.5, 46.0, 38.0, 39.333333333333336, 39.0, 51.5, 36.333333333333336, 32.25, 41.5, 48.0, 48.0, 35.0, 39.0, 39.666666666666664, 47.0, 38.5, 49.0, 57.0, 37.666666666666664, 45.5, 50.5, 42.5, 50.0, 31.75, 35.5, 45.0, 47.0, 41.0, 44.5, 47.0, 59.0, 40.0, 38.0, 38.5, 32.0, 36.0, 35.0, 50.0, 44.666666666666664, 42.0, 44.0, 38.0, 46.0, 61.0, 43.0, 36.333333333333336, 41.0, 37.333333333333336, 56.0, 50.0, 30.25, 34.666666666666664, 44.333333333333336, 37.0, 37.333333333333336, 31.25, 30.25, 36.666666666666664, 33.0, 54.0, 56.0, 43.333333333333336, 37.666666666666664, 38.333333333333336, 56.0, 52.0, 40.0, 54.0, 38.666666666666664, 45.0, 39.0, 56.0, 41.0, 50.0, 40.0, 41.666666666666664, 30.75, 39.5, 48.5, 39.666666666666664, 53.0, 58.0, 37.0, 36.0, 42.5, 42.0, 42.0, 39.0, 51.0, 35.0, 35.5, 29.0, 39.333333333333336, 38.333333333333336, 43.666666666666664, 37.25, 36.333333333333336, 46.0, 40.0, 40.0] ;
PCSTFast =  [23.2, 28.333333333333332, 26.666666666666668, 22.0, 30.8, 22.9, 34.0, 41.0, 44.0, 26.125, 48.0, 29.0, 62.0, 45.0, 16.208333333333332, 20.357142857142858, 34.0, 21.714285714285715, 39.0, 31.5, 32.666666666666664, 50.0, 50.0, 19.533333333333335, 29.666666666666668, 60.0, 23.375, 47.0, 30.0, 44.0, 49.0, 21.363636363636363, 26.5, 32.666666666666664, 24.75, 49.0, 14.869565217391305, 57.0, 37.25, 23.7, 34.0, 17.25, 28.0, 37.0, 40.0, 33.0, 17.88235294117647, 26.25, 17.529411764705884, 22.5, 31.0, 22.444444444444443, 26.6, 15.923076923076923, 51.0, 38.0, 37.0, 16.761904761904763, 39.0, 28.0, 24.333333333333332, 21.8, 31.0, 27.333333333333332, 18.4, 45.0, 22.77777777777778, 17.235294117647058, 23.5, 45.0, 39.0, 19.692307692307693, 41.0, 14.758620689655173, 31.0, 35.333333333333336, 44.0, 38.0, 26.75, 24.4, 24.875, 29.333333333333332, 28.333333333333332, 48.0, 50.0, 34.333333333333336, 23.75, 29.0, 22.714285714285715, 28.666666666666668, 25.0, 22.0, 50.0, 21.25, 27.25, 54.0, 18.263157894736842, 20.142857142857142, 37.0, 40.0] ;
scatter(PCSTFast, ELODFast, '.')

%% BA( 200 , 5 )
ELODFast =  [101.0, 56.0, 62.0, 84.0, 54.666666666666664, 73.5, 55.5, 49.666666666666664, 85.0, 76.5, 59.0, 56.5, 87.0, 54.666666666666664, 70.0, 44.0, 99.0, 82.0, 53.333333333333336, 97.0, 71.5, 66.5, 53.25, 69.0, 50.0, 65.0, 69.0, 72.0, 81.0, 74.0, 84.0, 50.0, 56.5, 57.0, 53.0, 56.0, 58.5, 68.0, 87.0, 64.5, 92.0, 63.0, 97.0, 84.0, 59.5, 54.0, 64.66666666666667, 48.2, 80.0, 66.0, 52.0, 41.333333333333336, 69.5, 54.0, 64.5, 42.6, 41.25, 61.5, 46.333333333333336, 74.0, 78.0, 94.0, 86.0, 51.0, 60.0, 51.333333333333336, 56.5, 61.0, 40.625, 70.0, 55.5, 87.0, 53.0, 76.0, 56.0, 47.2, 56.0, 60.5, 85.0, 57.333333333333336, 103.0, 80.0, 45.6, 68.0, 85.0, 67.5, 50.0, 52.666666666666664, 60.5, 73.0, 50.0, 43.0, 83.0, 58.0, 84.0, 60.5, 80.0, 47.5, 60.0, 60.0] ;
PCSTFast =  [39.75, 38.5, 28.529411764705884, 35.25, 25.61904761904762, 28.214285714285715, 55.0, 39.0, 85.0, 59.0, 31.375, 40.0, 41.5, 43.333333333333336, 70.0, 44.25, 80.0, 82.0, 56.0, 80.0, 45.25, 79.0, 69.0, 27.083333333333332, 27.875, 47.666666666666664, 30.5, 36.5, 81.0, 67.0, 71.0, 26.083333333333332, 66.0, 38.0, 27.384615384615383, 30.25, 45.333333333333336, 55.666666666666664, 67.0, 33.333333333333336, 53.666666666666664, 28.5, 97.0, 84.0, 45.333333333333336, 24.375, 47.6, 76.0, 27.266666666666666, 44.666666666666664, 47.0, 25.636363636363637, 45.6, 38.0, 26.666666666666668, 26.5, 25.384615384615383, 75.0, 37.5, 31.625, 78.0, 94.0, 73.0, 36.142857142857146, 64.0, 67.0, 59.0, 35.6, 20.3, 54.0, 57.0, 44.0, 37.0, 76.0, 28.5, 56.0, 28.0, 55.0, 24.95, 49.666666666666664, 34.8, 80.0, 29.416666666666668, 41.333333333333336, 73.0, 46.666666666666664, 53.0, 30.307692307692307, 76.0, 26.85, 32.0, 29.714285714285715, 83.0, 41.5, 28.533333333333335, 41.75, 75.0, 55.0, 38.0, 60.0] ;
scatter(PCSTFast, ELODFast, '.')

%% BA( 300 , 5 )
ELODFast =  [121.0, 80.0, 68.33333333333333, 103.0, 65.66666666666667, 91.5, 72.0, 59.0, 78.5, 95.5, 61.0, 61.666666666666664, 77.5, 66.66666666666667, 80.0, 66.0, 89.5, 77.5, 65.5, 119.0, 92.5, 97.0, 72.0, 60.333333333333336, 62.25, 70.33333333333333, 83.0, 87.0, 63.33333333333333, 93.0, 102.0, 63.0, 86.0, 77.0, 52.0, 72.5, 65.66666666666667, 97.0, 76.33333333333333, 76.0, 111.0, 67.0, 94.0, 103.0, 64.66666666666667, 61.5, 78.33333333333333, 71.66666666666667, 93.5, 84.0, 59.333333333333336, 62.0, 78.66666666666667, 68.66666666666667, 68.33333333333333, 73.0, 54.25, 62.0, 58.666666666666664, 94.0, 95.0, 123.0, 84.0, 59.666666666666664, 72.5, 88.0, 68.5, 67.33333333333333, 112.0, 90.0, 66.5, 105.0, 66.0, 91.0, 63.0, 73.0, 59.25, 69.5, 67.66666666666667, 70.66666666666667, 95.5, 64.66666666666667, 58.5, 86.0, 101.0, 72.66666666666667, 55.666666666666664, 72.5, 79.5, 67.5, 67.0, 52.0, 97.0, 61.333333333333336, 81.0, 76.0, 68.66666666666667, 52.25, 84.0, 71.0] ;
PCSTFast =  [43.9, 80.0, 84.0, 50.0, 37.42857142857143, 56.25, 72.0, 70.0, 48.4, 119.0, 84.0, 33.9, 31.799999999999997, 32.285714285714285, 48.333333333333336, 31.285714285714285, 103.0, 36.666666666666664, 65.0, 119.0, 66.0, 72.0, 60.5, 60.0, 41.0, 27.607142857142858, 28.4, 35.3, 53.333333333333336, 76.0, 102.0, 69.0, 50.5, 37.875, 37.25, 90.0, 37.81818181818182, 34.05555555555556, 35.92307692307692, 43.55555555555556, 54.5, 38.69230769230769, 121.0, 40.5, 64.0, 59.0, 24.862068965517242, 36.625, 31.75, 84.0, 57.0, 73.0, 35.2, 28.642857142857142, 48.5, 26.892857142857142, 28.454545454545453, 38.375, 49.2, 94.0, 95.0, 32.25, 41.63636363636363, 37.666666666666664, 36.6, 88.0, 30.652173913043477, 70.0, 52.333333333333336, 90.0, 68.0, 105.0, 44.0, 69.0, 46.5, 29.6, 41.333333333333336, 56.0, 97.0, 39.666666666666664, 41.81818181818182, 47.5, 63.5, 51.0, 101.0, 63.66666666666667, 64.0, 56.0, 102.0, 42.0, 67.0, 37.5, 40.55555555555556, 63.0, 39.666666666666664, 24.75862068965517, 95.0, 34.15384615384615, 84.0, 32.75] ;
scatter(PCSTFast, ELODFast, '.')

%% BA( 500 , 5 )
ELODFast =  [110.5, 84.0, 103.5, 73.0, 69.8, 116.0, 89.5, 86.0, 132.0, 153.0, 91.0, 70.5, 137.0, 80.5, 85.5, 76.2, 156.0, 121.0, 87.0, 74.0, 96.0, 107.0, 118.0, 105.0, 71.2, 104.5, 111.0, 111.0, 121.0, 130.0, 133.0, 86.0, 107.0, 87.0, 105.0, 127.0, 101.0, 131.0, 106.5, 100.5, 155.0, 114.0, 118.0, 129.0, 92.0, 87.0, 102.66666666666667, 79.0, 121.0, 109.0, 85.0, 60.142857142857146, 103.0, 79.25, 138.0, 91.0, 101.0, 85.33333333333333, 93.0, 117.0, 127.0, 171.0, 152.0, 66.0, 93.0, 116.0, 85.5, 84.33333333333333, 85.0, 113.0, 87.33333333333333, 139.0, 89.0, 112.0, 80.0, 78.75, 112.0, 90.5, 76.0, 107.0, 100.66666666666667, 122.0, 93.0, 101.0, 137.0, 97.0, 86.5, 99.0, 113.5, 73.5, 77.0, 65.25, 131.0, 94.5, 127.0, 82.0, 91.33333333333333, 91.0, 116.0, 78.33333333333333] ;
PCSTFast =  [43.8, 100.0, 73.8, 131.0, 43.75, 138.0, 95.0, 89.0, 113.0, 67.375, 31.814814814814817, 36.95652173913044, 64.0, 106.0, 102.0, 125.0, 62.5, 64.33333333333333, 79.0, 66.75, 147.0, 124.0, 67.5, 56.333333333333336, 43.666666666666664, 83.25, 49.0, 111.0, 84.0, 61.625, 133.0, 76.0, 107.0, 55.0, 45.142857142857146, 91.0, 64.4, 113.0, 112.0, 108.0, 62.5, 84.0, 143.0, 50.54545454545455, 92.0, 92.0, 88.0, 68.75, 107.0, 93.0, 36.916666666666664, 73.5, 49.13333333333333, 40.08695652173913, 66.66666666666667, 38.78947368421053, 51.0, 93.0, 75.0, 35.529411764705884, 37.05263157894737, 126.0, 63.400000000000006, 54.0, 90.0, 116.0, 58.75, 74.0, 45.666666666666664, 113.0, 88.0, 68.0, 87.0, 68.0, 73.0, 57.4, 112.0, 90.0, 56.0, 106.0, 50.36363636363637, 43.75, 38.90909090909091, 101.0, 58.833333333333336, 59.142857142857146, 92.0, 55.22222222222222, 147.0, 113.0, 79.0, 38.9375, 49.4, 104.0, 67.33333333333333, 120.0, 119.0, 59.5, 116.0, 88.0] ;
scatter(PCSTFast, ELODFast, '.')

%% BA( 1000 , 5 )
ELODFast =  [227.0, 105.66666666666667, 151.0, 141.0, 98.4, 170.0, 139.0, 122.5, 190.0, 168.5, 134.5, 103.66666666666667, 204.0, 120.33333333333333, 136.0, 139.0, 166.0, 131.5, 117.5, 205.0, 163.0, 118.25, 141.33333333333334, 110.66666666666667, 103.25, 133.0, 151.0, 145.0, 168.0, 187.0, 152.5, 102.25, 147.0, 124.0, 115.5, 144.0, 142.5, 207.0, 192.0, 145.5, 155.0, 134.0, 164.5, 195.0, 129.5, 129.5, 198.0, 179.0, 162.0, 146.0, 110.0, 90.16666666666667, 139.66666666666666, 129.0, 144.0, 133.0, 113.0, 123.33333333333333, 140.0, 164.0, 167.0, 239.0, 134.66666666666666, 141.0, 126.0, 136.0, 108.0, 118.66666666666667, 232.0, 153.0, 131.5, 184.0, 122.0, 171.0, 92.75, 134.5, 109.66666666666667, 126.0, 188.0, 155.0, 238.0, 124.0, 118.66666666666667, 110.33333333333333, 197.0, 140.0, 110.66666666666667, 142.5, 157.5, 127.0, 98.75, 94.8, 177.0, 138.0, 150.0, 148.5, 135.66666666666666, 122.5, 146.0, 116.33333333333333] ;
PCSTFast =  [53.84, 129.0, 145.0, 52.57142857142857, 54.31578947368421, 191.0, 151.0, 81.0, 159.0, 79.84615384615384, 38.774193548387096, 119.0, 80.66666666666667, 140.0, 57.705882352941174, 80.2, 180.0, 162.0, 101.0, 95.66666666666667, 204.0, 95.8, 186.0, 106.0, 79.75, 174.0, 127.0, 74.33333333333333, 168.0, 187.0, 195.0, 115.0, 147.0, 138.0, 135.0, 149.0, 80.125, 121.75, 78.2, 75.53846153846153, 70.8, 128.0, 208.0, 195.0, 127.0, 130.0, 159.0, 106.5, 125.33333333333333, 130.0, 116.0, 68.33333333333333, 69.625, 76.75, 102.0, 61.0, 62.666666666666664, 85.0, 140.0, 63.900000000000006, 126.0, 239.0, 79.44444444444444, 130.0, 53.36363636363637, 169.0, 75.5, 83.0, 120.33333333333333, 121.0, 128.0, 93.0, 120.0, 88.0, 116.0, 102.5, 68.8, 54.6, 74.71428571428571, 162.0, 61.27777777777778, 151.0, 122.0, 104.0, 116.66666666666667, 197.0, 87.0, 96.0, 59.9, 116.0, 85.0, 60.666666666666664, 100.33333333333333, 72.45454545454545, 75.6, 101.25, 180.0, 63.125, 146.0, 85.0] ;
scatter(PCSTFast, ELODFast, '.')

%% BA( 2000 , 5 )
ELODFast =  [231.0, 152.33333333333334, 216.5, 268.0, 140.0, 237.5, 193.5, 180.5, 167.25, 215.66666666666666, 198.0, 200.0, 284.0, 224.0, 195.0, 246.0, 304.0, 180.0, 168.5, 170.75, 192.66666666666666, 171.75, 271.0, 205.0, 166.5, 244.0, 209.0, 227.0, 251.0, 266.0, 272.0, 147.66666666666666, 175.5, 176.0, 135.0, 242.0, 202.0, 284.0, 282.0, 196.5, 301.0, 233.0, 161.2, 278.0, 190.5, 191.0, 202.0, 168.0, 312.0, 170.0, 164.0, 134.0, 209.0, 137.5, 150.2, 149.0, 203.0, 248.0, 169.0, 212.0, 192.0, 345.0, 187.66666666666666, 195.0, 182.5, 200.0, 160.5, 165.66666666666666, 174.0, 217.0, 177.33333333333334, 252.0, 168.5, 238.0, 138.0, 146.0, 171.5, 167.5, 165.0, 217.0, 207.33333333333334, 137.5, 180.0, 176.0, 280.0, 200.0, 192.0, 206.0, 300.0, 148.25, 142.0, 136.0, 239.0, 192.0, 209.0, 209.0, 201.66666666666666, 241.0, 177.0, 157.33333333333334] ;
PCSTFast =  [93.77777777777777, 166.0, 112.08333333333333, 82.47619047619048, 61.86486486486486, 278.0, 135.55555555555554, 198.0, 148.66666666666666, 174.0, 84.28571428571429, 131.5, 121.66666666666667, 131.85714285714286, 137.0, 105.5, 226.0, 171.0, 142.0, 154.66666666666666, 126.2, 244.0, 271.0, 82.0, 93.0, 230.0, 193.0, 227.0, 114.6, 266.0, 272.0, 151.0, 189.0, 110.33333333333333, 120.75, 177.0, 112.33333333333333, 284.0, 129.0, 210.0, 301.0, 107.22222222222223, 246.0, 177.0, 150.0, 71.03125, 91.23076923076923, 156.5, 312.0, 210.0, 96.84615384615384, 109.16666666666667, 123.66666666666667, 195.0, 98.33333333333333, 174.0, 144.5, 127.66666666666666, 166.0, 86.61538461538461, 104.5, 101.26666666666667, 242.0, 78.0, 150.0, 120.66666666666667, 136.0, 193.0, 106.71428571428571, 217.0, 174.0, 126.33333333333333, 109.0, 110.2, 165.0, 83.6086956521739, 118.75, 88.46666666666667, 81.9090909090909, 145.2, 337.0, 95.57142857142857, 93.4, 109.16666666666667, 117.83333333333333, 119.33333333333333, 151.0, 218.0, 148.66666666666666, 107.8, 145.0, 89.0909090909091, 79.9090909090909, 103.9090909090909, 66.88888888888889, 227.0, 199.0, 90.41666666666667, 212.0, 152.0] ;
scatter(PCSTFast, ELODFast, '.')

name = 'ER(100,0.01)'
ELODFast =  [1.0, 2.857142857142857, 1.0, 1.0, 2.5, 5.0, 2.0, 1.5, 3.5, 2.8333333333333335, 1.0, 1.0, 1.0, 3.0, 2.25, 1.0, 1.0, 2.0, 1.0, 1.0, 1.0, 2.5, 2.25, 1.0, 2.5, 1.0, 1.0, 1.0, 1.0, 1.0, 4.0, 3.0, 5.0, 1.0, 1.0, 1.0, 2.5, 2.375, 1.0, 3.1428571428571432, 1.0, 1.0, 4.0, 1.0, 1.0, 2.0, 2.0, 3.0, 4.0, 1.0, 1.0, 1.0, 1.0, 3.0, 1.0, 1.0, 6.0, 2.0, 2.3, 6.0, 2.2857142857142856, 2.0, 1.0, 4.0, 2.4166666666666665, 2.0, 1.0, 5.0, 1.0, 1.0, 1.6, 1.6666666666666665, 1.0, 1.7692307692307692, 1.0, 3.0, 1.0, 1.7777777777777777, 1.0, 2.0, 3.0, 1.0, 1.0, 1.0, 1.0, 1.0, 1.0, 1.0, 1.0, 7.0, 1.0, 1.0, 4.0, 1.7777777777777777, 3.0, 4.0, 1.0, 1.0, 1.0, 1.0] ;
PCSTFast =  [1.0, 2.5454545454545454, 1.0, 1.0, 2.5, 5.0, 2.0, 1.5, 2.6666666666666665, 2.8333333333333335, 1.0, 1.0, 1.0, 2.6, 2.25, 1.0, 1.0, 2.0, 1.0, 1.0, 1.0, 2.5, 1.8333333333333335, 1.0, 2.5, 1.0, 1.0, 1.0, 1.0, 1.0, 4.0, 3.0, 5.0, 1.0, 1.0, 1.0, 2.5, 2.375, 1.0, 3.166666666666667, 1.0, 1.0, 4.0, 1.0, 1.0, 2.0, 2.0, 3.0, 4.0, 1.0, 1.0, 1.0, 1.0, 3.0, 1.0, 1.0, 6.0, 2.0, 2.3333333333333335, 6.0, 2.2857142857142856, 2.0, 1.0, 4.0, 2.4166666666666665, 2.0, 1.0, 5.0, 1.0, 1.0, 1.6, 1.6666666666666665, 1.0, 1.7692307692307692, 1.0, 3.0, 1.0, 1.7777777777777777, 1.0, 2.0, 3.0, 1.0, 1.0, 1.0, 1.0, 1.0, 1.0, 1.0, 1.0, 7.0, 1.0, 1.0, 4.0, 1.7777777777777777, 3.0, 4.0, 1.0, 1.0, 1.0, 1.0] ;
scatter(PCSTFast, ELODFast, '.')

name = 'ER(200,0.01)'
ELODFast =  [3.7142857142857144, 5.833333333333333, 3.2142857142857144, 3.6923076923076925, 7.0, 3.3499999999999996, 4.0, 3.928571428571429, 4.125, 8.0, 4.5, 3.7272727272727275, 4.0, 4.0, 6.0, 5.0, 3.8, 3.7222222222222223, 6.0, 6.0, 7.0, 4.083333333333333, 3.2631578947368425, 4.1, 4.6, 4.6, 7.0, 4.6, 3.8, 4.0, 7.0, 5.0, 5.5, 4.666666666666667, 6.0, 3.5999999999999996, 5.0, 4.285714285714286, 4.5, 4.0, 2.8421052631578947, 3.230769230769231, 3.916666666666667, 3.8181818181818183, 3.8571428571428568, 2.933333333333333, 3.666666666666667, 6.0, 9.0, 4.0, 3.0384615384615383, 5.333333333333333, 1.0, 1.0, 2.9166666666666665, 3.4444444444444446, 4.666666666666667, 3.5999999999999996, 4.571428571428571, 3.416666666666667, 3.105263157894737, 4.0, 4.25, 6.0, 10.0, 4.545454545454546, 5.333333333333333, 5.0, 3.833333333333333, 1.0, 6.0, 2.5217391304347827, 3.5, 3.7272727272727275, 4.6, 4.2, 3.833333333333333, 3.416666666666667, 7.5, 5.25, 3.9230769230769234, 4.333333333333333, 3.5, 4.833333333333333, 7.0, 4.666666666666667, 4.0, 4.0, 4.8, 7.5, 4.75, 5.25, 4.25, 5.5, 4.8, 4.083333333333333, 3.0, 4.0, 3.9411764705882355, 3.666666666666667] ;
PCSTFast =  [3.666666666666667, 6.0, 2.9411764705882355, 3.5, 5.0, 2.6875, 2.6666666666666665, 3.909090909090909, 6.0, 8.0, 4.5, 3.2857142857142856, 4.333333333333333, 8.0, 4.5, 5.0, 3.8, 2.9545454545454546, 6.0, 3.2, 2.7333333333333334, 5.0, 2.76, 2.5681818181818183, 3.533333333333333, 4.0, 7.0, 3.666666666666667, 2.652173913043478, 3.7777777777777777, 7.0, 5.0, 11.0, 2.689655172413793, 2.888888888888889, 3.8571428571428568, 5.0, 4.0, 4.2, 8.0, 2.5652173913043477, 2.875, 3.333333333333333, 3.8, 3.833333333333333, 2.5555555555555554, 2.342857142857143, 6.0, 9.0, 3.8571428571428568, 3.75, 2.4782608695652173, 1.0, 1.0, 2.3703703703703702, 2.92, 5.75, 3.333333333333333, 2.8333333333333335, 3.5, 2.857142857142857, 5.0, 5.0, 4.8, 10.0, 4.571428571428571, 4.4, 4.5, 3.08, 1.0, 6.0, 2.0, 3.2800000000000002, 2.857142857142857, 3.333333333333333, 4.0, 5.0, 4.0, 7.5, 6.0, 4.6, 3.25, 3.5, 5.25, 4.2, 5.0, 3.8666666666666663, 4.0, 4.5, 9.0, 4.4, 3.8, 3.5, 3.928571428571429, 3.5999999999999996, 4.0, 2.875, 4.0, 3.344827586206897, 3.466666666666667] ;
scatter(PCSTFast, ELODFast, '.')

name = 'ER(300,0.01)'
ELODFast =  [5.636363636363637, 6.105263157894737, 5.25, 5.647058823529412, 11.0, 5.0, 4.769230769230769, 6.666666666666667, 5.9, 7.4, 6.166666666666667, 4.8, 5.0, 5.5, 5.642857142857143, 7.0, 4.947368421052632, 6.0, 4.7368421052631575, 5.105263157894737, 4.863636363636363, 7.199999999999999, 6.0, 5.333333333333333, 4.75, 5.866666666666666, 6.333333333333333, 5.714285714285714, 6.333333333333333, 5.0, 5.5625, 5.714285714285714, 7.166666666666666, 9.5, 5.055555555555555, 6.6, 9.0, 8.0, 5.5, 5.764705882352941, 5.066666666666666, 6.333333333333333, 6.555555555555555, 4.933333333333334, 9.0, 4.59375, 4.826086956521739, 5.714285714285714, 5.2, 6.125, 6.8, 6.6, 5.384615384615385, 4.827586206896552, 9.0, 5.222222222222222, 6.75, 6.666666666666667, 10.0, 5.8, 7.333333333333334, 5.666666666666667, 9.0, 6.8, 7.0, 5.888888888888889, 5.25, 12.0, 5.882352941176471, 6.0, 5.052631578947368, 6.428571428571429, 5.25, 7.199999999999999, 6.0, 6.0, 4.954545454545454, 4.85, 6.181818181818182, 4.846153846153846, 7.0, 5.375, 5.375, 7.5, 6.375, 6.142857142857143, 5.0588235294117645, 5.5, 4.666666666666667, 6.4, 5.733333333333333, 6.75, 6.428571428571429, 6.142857142857143, 5.8125, 5.2631578947368425, 5.0, 13.0, 7.666666666666666, 6.222222222222222] ;
PCSTFast =  [9.0, 5.555555555555555, 4.166666666666667, 4.791666666666667, 4.413793103448276, 4.625, 6.0, 8.0, 4.722222222222222, 8.0, 8.0, 5.0, 3.6571428571428575, 4.6875, 4.4, 4.576923076923077, 4.4, 4.444444444444445, 3.928571428571429, 4.111111111111111, 3.9000000000000004, 10.0, 6.333333333333333, 4.666666666666667, 4.142857142857143, 4.777777777777778, 5.75, 7.0, 4.714285714285714, 5.0, 5.2, 5.666666666666667, 12.0, 5.666666666666667, 4.375, 4.3428571428571425, 10.0, 4.32258064516129, 4.55, 7.0, 5.142857142857143, 11.0, 6.25, 3.8085106382978724, 5.5, 4.153846153846154, 4.5625, 5.0, 4.25, 4.5, 4.473684210526316, 4.583333333333333, 4.173913043478261, 4.209302325581396, 9.0, 4.28125, 6.666666666666667, 4.352941176470588, 6.0, 3.9444444444444446, 10.0, 5.0, 7.5, 6.5, 4.6875, 8.0, 5.0, 4.9375, 6.0, 6.0, 4.857142857142857, 9.0, 4.666666666666667, 8.0, 4.295454545454546, 7.5, 4.315789473684211, 4.081632653061225, 4.4375, 3.8936170212765955, 10.0, 3.8245614035087723, 5.666666666666667, 8.0, 5.75, 8.0, 4.515151515151516, 5.5, 3.9117647058823533, 9.0, 4.0, 6.8, 5.111111111111111, 4.057142857142857, 5.0, 4.59375, 4.9, 5.5, 5.2, 4.354838709677419] ;
scatter(PCSTFast, ELODFast, '.')

name = 'ER(500,0.01)'
ELODFast =  [8.0, 12.0, 10.6, 9.222222222222221, 10.0, 9.181818181818182, 16.0, 10.833333333333334, 10.0, 9.0, 9.6, 8.285714285714286, 8.307692307692308, 9.083333333333334, 10.666666666666666, 9.545454545454545, 9.8, 9.5, 9.6, 9.0, 10.285714285714286, 10.428571428571429, 9.5, 9.75, 9.454545454545455, 8.9375, 10.25, 8.148148148148149, 9.153846153846153, 9.363636363636363, 14.5, 9.714285714285714, 10.0, 9.5, 9.4, 9.545454545454545, 14.0, 10.6, 8.083333333333334, 10.11111111111111, 14.0, 8.666666666666666, 14.5, 9.714285714285714, 12.666666666666666, 7.655172413793103, 10.0, 10.666666666666666, 10.0, 14.0, 10.0, 9.5, 13.0, 9.454545454545455, 8.857142857142858, 9.75, 17.0, 12.666666666666666, 9.333333333333334, 9.857142857142858, 17.0, 9.5, 14.0, 9.2, 8.95, 9.444444444444445, 9.090909090909092, 12.333333333333334, 9.0, 10.0, 9.0, 10.25, 10.181818181818182, 8.5, 9.0, 9.181818181818182, 9.5, 8.952380952380953, 9.545454545454545, 9.461538461538462, 9.0, 10.333333333333334, 8.88888888888889, 11.0, 8.833333333333334, 8.941176470588236, 9.5, 9.384615384615385, 9.75, 17.0, 9.083333333333334, 8.7, 12.5, 9.2, 9.0, 12.0, 10.0, 9.0, 10.090909090909092, 9.076923076923077] ;
PCSTFast =  [6.344827586206897, 12.0, 11.0, 6.612244897959184, 6.545454545454546, 7.366666666666667, 16.0, 9.75, 10.0, 6.6415094339622645, 9.333333333333334, 6.75, 6.2727272727272725, 6.8604651162790695, 10.0, 6.4393939393939394, 8.25, 6.483870967741935, 6.923076923076923, 7.555555555555555, 6.412698412698413, 7.5, 6.842105263157895, 8.375, 6.5625, 6.470588235294118, 6.576923076923077, 6.676470588235294, 6.9, 6.21875, 6.767441860465116, 6.453703703703703, 6.878378378378378, 7.272727272727273, 6.7727272727272725, 9.25, 7.73076923076923, 9.0, 6.518518518518518, 11.333333333333334, 8.0, 6.247058823529412, 9.25, 12.0, 9.5, 7.333333333333334, 9.75, 15.0, 9.333333333333334, 14.0, 15.0, 9.0, 13.0, 5.984615384615385, 6.576271186440678, 6.099337748344371, 17.0, 11.5, 6.384615384615385, 16.0, 8.4, 7.583333333333334, 7.857142857142858, 7.142857142857142, 6.803571428571429, 7.9411764705882355, 6.238095238095238, 8.625, 6.8, 9.5, 7.833333333333334, 7.444444444444445, 9.333333333333334, 8.571428571428571, 7.588235294117647, 8.5, 6.010752688172043, 8.272727272727273, 9.333333333333334, 7.949999999999999, 7.0, 10.666666666666666, 7.222222222222221, 7.1764705882352935, 7.444444444444445, 7.636363636363637, 9.666666666666666, 8.5, 6.672413793103448, 6.846153846153846, 6.888888888888889, 8.166666666666666, 6.253521126760563, 8.666666666666666, 7.5, 8.428571428571429, 8.25, 6.481481481481482, 7.538461538461538, 6.458333333333333] ;
scatter(PCSTFast, ELODFast, '.')

name = 'ER(1000,0.01)'
ELODFast =  [19.714285714285715, 17.166666666666668, 16.1, 19.166666666666668, 17.636363636363637, 17.25, 17.1, 18.0, 16.88888888888889, 18.8, 16.714285714285715, 15.8, 17.2, 20.428571428571427, 16.266666666666666, 17.5, 17.833333333333332, 19.5, 21.0, 16.393939393939394, 17.25, 16.59090909090909, 16.90909090909091, 15.75862068965517, 33.0, 21.0, 16.263157894736842, 17.9, 16.916666666666668, 15.899999999999999, 20.0, 15.923076923076923, 36.0, 18.0, 18.0, 22.5, 21.5, 21.5, 22.0, 21.0, 15.666666666666668, 20.5, 16.5, 18.75, 17.666666666666668, 17.142857142857142, 17.0, 19.0, 16.857142857142858, 16.76923076923077, 18.333333333333332, 19.125, 16.210526315789473, 17.153846153846153, 17.833333333333332, 15.78125, 17.5, 16.5, 16.103448275862068, 17.785714285714285, 16.235294117647058, 18.818181818181817, 21.0, 16.615384615384617, 25.0, 17.5, 16.105263157894736, 17.875, 17.0, 17.1, 27.0, 16.375, 21.5, 15.850000000000001, 17.7, 17.636363636363637, 16.68421052631579, 18.0, 18.4, 16.857142857142858, 17.9, 16.6, 22.0, 16.8, 17.833333333333332, 18.0, 16.333333333333332, 17.7, 17.23076923076923, 20.4, 17.428571428571427, 22.5, 18.2, 17.90909090909091, 18.0, 20.0, 16.61111111111111, 17.384615384615383, 21.0, 22.0] ;
PCSTFast =  [14.1875, 12.955555555555556, 13.444444444444445, 13.047619047619047, 14.136363636363637, 12.672897196261681, 13.470588235294118, 25.0, 17.666666666666668, 13.173913043478262, 14.3, 12.727272727272727, 12.55813953488372, 13.571428571428571, 14.76923076923077, 12.322916666666666, 26.0, 12.707317073170731, 15.0, 12.831168831168831, 12.952380952380953, 17.5, 17.5, 13.282608695652174, 13.216981132075471, 12.430555555555555, 13.6, 15.0, 13.434782608695652, 13.156862745098039, 17.5, 13.5, 14.566666666666666, 14.777777777777779, 15.0, 27.0, 13.38888888888889, 12.3, 12.5, 12.901960784313726, 11.839080459770114, 12.411214953271028, 27.0, 21.0, 13.89655172413793, 13.1, 12.80952380952381, 12.470588235294118, 15.666666666666668, 14.75, 14.0625, 12.95945945945946, 14.466666666666667, 14.25, 17.0, 12.352941176470589, 13.71875, 13.625, 13.833333333333334, 14.5, 14.636363636363637, 13.0, 19.0, 17.0, 15.5, 15.75, 12.068493150684931, 15.2, 14.166666666666666, 12.871794871794872, 13.379310344827585, 14.222222222222221, 19.0, 12.666666666666666, 12.87012987012987, 12.46808510638298, 16.5, 13.225806451612904, 12.029411764705882, 13.0, 14.571428571428571, 12.9, 15.600000000000001, 13.658536585365853, 12.7, 12.91891891891892, 16.5, 13.8125, 13.692307692307692, 12.547368421052632, 12.68421052631579, 14.916666666666666, 15.076923076923077, 14.11111111111111, 12.688888888888888, 13.394736842105264, 14.19047619047619, 15.375, 13.947368421052632, 12.46875] ;
scatter(PCSTFast, ELODFast, '.')

name = 'ER(2000,0.01)'
ELODFast =  [37.5, 37.8, 31.875, 33.77777777777778, 32.875, 33.0, 58.0, 30.217391304347824, 28.678571428571427, 34.8, 34.0, 30.333333333333332, 32.2, 34.25, 32.5, 33.6, 30.791666666666668, 59.0, 35.25, 31.857142857142854, 61.0, 32.0, 31.652173913043477, 34.333333333333336, 32.0, 35.25, 32.375, 30.41176470588235, 30.92, 37.25, 36.25, 31.75, 47.0, 29.615384615384617, 31.210526315789473, 34.5, 31.136363636363633, 29.696969696969695, 35.6, 30.322580645161292, 33.333333333333336, 30.615384615384617, 32.0, 32.42857142857143, 46.5, 29.470588235294116, 33.714285714285715, 33.0, 33.2, 32.05, 59.0, 32.875, 31.642857142857146, 31.0, 33.833333333333336, 29.923076923076923, 52.0, 35.5, 31.3125, 31.23809523809524, 31.53846153846154, 32.875, 30.652173913043477, 31.46153846153846, 36.666666666666664, 32.57142857142857, 32.4, 35.5, 34.833333333333336, 29.4, 45.0, 33.285714285714285, 35.0, 36.333333333333336, 32.9, 41.5, 29.151515151515152, 59.0, 32.2, 32.0, 34.0, 35.0, 34.333333333333336, 33.75, 32.30769230769231, 33.8, 29.296296296296298, 32.2, 30.541666666666668, 35.142857142857146, 30.666666666666668, 52.0, 35.0, 30.91304347826087, 30.346153846153847, 34.6, 30.0, 34.5, 29.413793103448278, 30.958333333333332] ;
PCSTFast =  [56.0, 26.153846153846153, 26.25925925925926, 26.77777777777778, 24.705882352941178, 26.026315789473685, 26.77777777777778, 28.875, 24.81578947368421, 24.3125, 29.666666666666668, 27.75, 23.573839662447256, 27.6, 24.57894736842105, 24.090225563909776, 28.1, 30.25, 24.577235772357724, 24.858695652173914, 24.658959537572255, 25.88888888888889, 23.86549707602339, 26.607142857142858, 26.055555555555557, 27.61904761904762, 24.857142857142858, 25.125, 29.6, 24.24342105263158, 24.477941176470587, 24.35593220338983, 24.551020408163264, 25.82608695652174, 27.75, 30.4, 24.677777777777777, 23.872222222222224, 24.5748031496063, 25.604166666666668, 36.0, 29.5, 23.738805970149254, 24.141361256544503, 27.0, 30.428571428571427, 24.875, 25.51219512195122, 25.466666666666665, 28.142857142857142, 27.636363636363637, 25.757575757575758, 25.193548387096776, 27.692307692307693, 24.946666666666665, 24.5, 31.200000000000003, 24.087912087912088, 25.363636363636363, 24.56896551724138, 27.88888888888889, 29.666666666666668, 24.06926406926407, 25.48780487804878, 31.166666666666664, 26.714285714285715, 26.0, 25.402985074626866, 24.395061728395063, 24.846153846153847, 26.22222222222222, 24.25, 26.272727272727273, 25.68, 32.5, 23.768166089965398, 23.44485294117647, 23.898039215686275, 25.457142857142856, 32.666666666666664, 29.8, 26.263157894736842, 26.142857142857142, 31.0, 25.681818181818183, 26.095238095238095, 26.285714285714285, 31.6, 25.333333333333332, 29.0, 24.19736842105263, 28.846153846153847, 48.0, 25.23728813559322, 29.0, 28.0, 28.833333333333332, 28.571428571428573, 28.5, 26.0625] ;
scatter(PCSTFast, ELODFast, '.')

name = 'ER(100,0.02)'
ELODFast =  [3.0625, 4.4, 4.0, 3.0, 4.25, 2.5454545454545454, 5.0, 5.0, 7.0, 4.333333333333333, 6.0, 2.611111111111111, 3.875, 1.0, 1.0, 10.0, 4.222222222222222, 2.9166666666666665, 3.8, 3.3, 8.0, 4.25, 5.0, 2.4444444444444446, 2.9, 3.2222222222222223, 3.666666666666667, 8.0, 4.2, 4.125, 4.0, 3.0, 5.666666666666667, 3.7142857142857144, 3.5, 4.6, 4.75, 4.0, 1.0, 6.25, 1.0, 3.833333333333333, 3.875, 5.0, 1.0, 6.0, 4.25, 5.0, 3.8, 4.125, 5.4, 4.75, 2.875, 3.090909090909091, 7.0, 2.55, 3.230769230769231, 3.052631578947368, 3.571428571428571, 7.0, 5.2, 1.0, 5.5, 1.0, 4.1, 4.0, 3.0, 10.0, 3.666666666666667, 2.909090909090909, 4.333333333333333, 4.5, 2.526315789473684, 4.25, 2.3636363636363638, 4.666666666666667, 1.0, 2.909090909090909, 3.545454545454546, 3.5, 3.7857142857142856, 5.0, 3.7777777777777777, 1.0, 6.5, 4.2, 4.333333333333333, 3.0, 2.0, 4.5, 3.5, 4.111111111111111, 3.571428571428571, 5.333333333333333, 3.2, 5.2, 4.5, 3.25, 4.8, 3.0] ;
PCSTFast =  [3.333333333333333, 3.916666666666667, 5.0, 2.375, 4.0, 2.5454545454545454, 4.5, 3.2666666666666666, 4.0, 4.2, 6.0, 2.5, 4.666666666666667, 1.0, 1.0, 3.2727272727272725, 2.611111111111111, 2.888888888888889, 3.4444444444444446, 2.769230769230769, 3.5, 5.0, 3.333333333333333, 2.2777777777777777, 2.5, 3.2222222222222223, 3.7142857142857144, 8.0, 4.2, 2.9, 5.0, 3.333333333333333, 3.0, 3.333333333333333, 3.5, 2.76, 4.25, 4.0, 1.0, 4.105263157894737, 1.0, 3.3636363636363633, 3.454545454545454, 3.0, 1.0, 6.0, 4.333333333333333, 5.0, 4.0, 4.285714285714286, 4.363636363636363, 3.3076923076923075, 2.8461538461538463, 3.0, 6.0, 2.185185185185185, 2.5714285714285716, 3.333333333333333, 3.571428571428571, 7.0, 4.666666666666667, 1.0, 4.5, 1.0, 2.6774193548387095, 4.0, 2.611111111111111, 2.4642857142857144, 4.5, 2.888888888888889, 4.333333333333333, 4.25, 2.1739130434782608, 4.333333333333333, 2.0869565217391304, 3.5555555555555554, 1.0, 2.5714285714285716, 3.0999999999999996, 2.64, 3.615384615384615, 5.0, 2.7857142857142856, 1.0, 3.8888888888888893, 3.75, 4.333333333333333, 2.35, 2.0, 7.0, 3.5, 3.666666666666667, 2.5454545454545454, 5.333333333333333, 2.761904761904762, 4.0, 3.0, 3.5, 2.6363636363636362, 2.6818181818181817] ;
scatter(PCSTFast, ELODFast, '.')

name = 'ER(200,0.02)'
ELODFast =  [7.545454545454545, 16.0, 7.0, 7.7142857142857135, 7.300000000000001, 8.75, 7.444444444444445, 6.714285714285714, 7.23076923076923, 14.0, 7.071428571428571, 6.916666666666667, 15.0, 9.75, 7.333333333333334, 7.800000000000001, 7.875, 10.0, 11.333333333333334, 12.0, 6.526315789473684, 11.0, 7.666666666666666, 7.083333333333334, 6.666666666666667, 7.181818181818182, 8.0, 9.2, 7.142857142857142, 9.0, 8.5, 7.23076923076923, 8.0, 10.5, 6.3, 7.428571428571429, 7.333333333333334, 8.2, 7.666666666666666, 7.461538461538462, 10.0, 7.0, 5.777777777777778, 6.3125, 8.0, 6.714285714285714, 9.0, 5.913043478260869, 12.5, 8.333333333333334, 9.333333333333334, 7.444444444444445, 7.0, 1.0, 8.125, 6.6, 8.333333333333334, 8.0, 6.777777777777778, 6.857142857142857, 7.923076923076923, 6.777777777777778, 6.105263157894737, 6.642857142857143, 9.5, 8.2, 7.0, 7.875, 7.2857142857142865, 7.2857142857142865, 6.5, 15.0, 6.818181818181818, 7.666666666666666, 9.25, 10.333333333333334, 7.4, 6.666666666666667, 11.0, 7.25, 14.0, 7.23076923076923, 8.333333333333334, 8.0, 9.0, 8.0, 6.75, 7.800000000000001, 8.25, 7.333333333333334, 9.0, 7.777777777777779, 7.888888888888889, 6.375, 8.714285714285714, 8.5, 6.923076923076923, 6.142857142857143, 7.545454545454545, 7.0] ;
PCSTFast =  [8.666666666666666, 16.0, 5.580645161290323, 6.0588235294117645, 7.4, 5.0, 6.0, 5.2, 12.0, 5.666666666666667, 5.944444444444445, 5.5, 6.0, 6.714285714285714, 5.454545454545454, 5.88, 5.321428571428571, 8.0, 5.96969696969697, 12.0, 4.735849056603773, 4.958333333333333, 4.857142857142857, 5.434782608695652, 8.0, 6.333333333333333, 9.0, 5.884615384615385, 6.0, 6.242424242424242, 6.8, 7.0, 6.0, 5.625, 9.0, 5.7272727272727275, 5.818181818181818, 7.666666666666666, 10.0, 6.454545454545454, 5.523809523809524, 5.6, 5.214285714285714, 6.75, 4.666666666666667, 5.571428571428571, 4.866666666666666, 5.285714285714286, 10.0, 5.8076923076923075, 10.0, 6.333333333333333, 4.870967741935484, 1.0, 5.108108108108108, 4.648148148148148, 9.0, 8.25, 5.0, 4.60377358490566, 6.03125, 5.866666666666666, 5.625, 4.947368421052632, 13.0, 10.0, 5.181818181818182, 7.4, 7.0, 6.0, 7.0, 15.0, 7.25, 5.833333333333333, 13.0, 7.666666666666666, 6.666666666666667, 5.75, 6.428571428571429, 7.25, 5.769230769230769, 6.454545454545454, 8.333333333333334, 10.0, 5.84, 6.5, 5.8, 6.15, 5.869565217391305, 8.0, 5.258064516129032, 7.25, 5.348837209302325, 6.666666666666667, 8.833333333333334, 5.666666666666667, 5.696969696969697, 4.904761904761905, 12.0, 5.607142857142857] ;
scatter(PCSTFast, ELODFast, '.')

name = 'ER(300,0.02)'
ELODFast =  [14.333333333333334, 11.454545454545455, 9.846153846153847, 10.285714285714286, 12.0, 12.666666666666666, 9.0, 9.55, 9.125, 20.0, 10.125, 10.307692307692308, 9.4, 13.0, 9.615384615384615, 10.583333333333334, 10.571428571428571, 11.6, 12.75, 11.222222222222221, 11.125, 12.0, 11.5, 10.090909090909092, 9.571428571428571, 11.285714285714286, 12.166666666666666, 11.4, 11.875, 11.75, 10.538461538461538, 10.8, 14.0, 13.2, 9.923076923076923, 10.75, 11.571428571428571, 11.2, 10.583333333333334, 11.083333333333334, 10.5, 12.0, 11.75, 10.9, 17.5, 9.444444444444445, 10.444444444444445, 10.076923076923077, 15.5, 11.375, 11.181818181818182, 16.5, 19.0, 10.0, 16.0, 10.0, 14.0, 14.0, 8.80952380952381, 13.0, 12.166666666666666, 10.11111111111111, 11.6, 11.285714285714286, 11.5, 10.666666666666666, 11.25, 12.4, 11.25, 12.142857142857142, 10.142857142857142, 11.0, 11.0, 11.5, 9.1875, 13.4, 9.9, 9.235294117647058, 12.571428571428571, 9.555555555555555, 11.333333333333334, 11.75, 10.75, 10.8, 12.222222222222221, 12.5, 11.857142857142858, 9.090909090909092, 10.2, 17.0, 10.6, 14.0, 10.6, 11.285714285714286, 12.4, 13.4, 9.714285714285714, 15.0, 11.857142857142858, 10.857142857142858] ;
PCSTFast =  [7.923076923076923, 9.75, 9.428571428571429, 8.375, 8.61111111111111, 10.666666666666666, 7.380952380952381, 8.0, 7.458333333333334, 11.5, 9.666666666666666, 7.844827586206897, 8.545454545454545, 7.961538461538462, 9.5, 7.314606741573034, 7.818181818181818, 7.469135802469136, 7.428571428571429, 12.0, 10.181818181818182, 10.0, 11.333333333333334, 11.0, 7.523809523809524, 11.5, 7.568627450980392, 14.0, 10.142857142857142, 8.727272727272727, 12.0, 7.449999999999999, 21.0, 8.405405405405405, 8.142857142857142, 10.0, 9.444444444444445, 15.0, 15.0, 20.0, 16.0, 10.375, 7.84375, 8.571428571428571, 8.147058823529411, 10.0, 11.666666666666666, 8.666666666666666, 16.0, 13.0, 8.0, 12.333333333333334, 8.285714285714286, 7.595744680851064, 7.0, 7.666666666666666, 8.454545454545455, 9.0, 6.9393939393939394, 10.666666666666666, 20.0, 8.11111111111111, 8.071428571428571, 8.833333333333334, 16.0, 9.25, 9.6, 7.829268292682928, 14.0, 8.22, 7.7666666666666675, 8.275, 8.545454545454545, 8.583333333333334, 8.2, 10.6, 8.272727272727273, 7.73076923076923, 20.0, 9.0, 12.166666666666666, 8.666666666666666, 10.0, 8.0, 8.617647058823529, 14.0, 9.428571428571429, 7.852941176470589, 8.7, 17.0, 9.666666666666666, 8.9375, 7.403508771929825, 14.0, 9.071428571428571, 8.8, 8.083333333333334, 19.0, 12.0, 8.116279069767442] ;
scatter(PCSTFast, ELODFast, '.')

name = 'ER(500,0.02)'
ELODFast =  [17.09090909090909, 22.0, 19.5, 18.8, 20.333333333333332, 17.2, 19.6, 16.636363636363637, 16.347826086956523, 16.75, 16.785714285714285, 15.55, 30.0, 17.3, 16.066666666666666, 18.333333333333332, 17.055555555555557, 21.333333333333332, 21.0, 15.045454545454547, 28.0, 26.0, 16.75, 20.0, 17.333333333333332, 17.125, 16.266666666666666, 15.789473684210527, 16.46153846153846, 15.476190476190474, 30.0, 25.0, 16.666666666666668, 29.0, 16.25, 17.181818181818183, 21.5, 17.8, 16.181818181818183, 17.4, 24.5, 17.666666666666668, 17.5, 20.0, 18.444444444444443, 16.142857142857142, 27.0, 27.0, 16.8, 26.0, 16.272727272727273, 17.818181818181817, 26.0, 15.944444444444443, 15.066666666666666, 20.0, 18.8, 20.5, 17.2, 15.954545454545453, 29.0, 31.0, 14.909090909090908, 18.333333333333332, 15.823529411764707, 25.0, 15.529411764705884, 31.0, 25.0, 16.5, 21.5, 17.22222222222222, 19.6, 17.0, 19.666666666666668, 19.5, 16.444444444444443, 15.850000000000001, 22.5, 18.142857142857142, 16.5, 28.0, 16.714285714285715, 17.11111111111111, 16.8, 18.333333333333332, 21.333333333333332, 29.0, 18.833333333333332, 27.0, 16.916666666666668, 15.826086956521738, 17.166666666666668, 15.6875, 30.0, 34.0, 16.428571428571427, 16.533333333333335, 23.5, 31.0] ;
PCSTFast =  [16.0, 28.0, 17.333333333333332, 12.313432835820896, 14.5, 13.421052631578947, 15.600000000000001, 12.674418604651162, 13.785714285714286, 12.068965517241379, 13.074074074074074, 13.444444444444445, 12.173076923076923, 13.181818181818182, 12.28, 12.41304347826087, 16.333333333333332, 18.333333333333332, 13.75, 12.413793103448276, 17.333333333333332, 14.333333333333334, 15.666666666666668, 14.25, 13.619047619047619, 14.75, 13.476190476190476, 15.222222222222221, 12.037383177570094, 12.74074074074074, 15.166666666666668, 14.916666666666666, 14.470588235294118, 13.578947368421053, 12.363636363636363, 13.258064516129032, 12.535714285714286, 12.8, 12.615384615384615, 13.75609756097561, 12.692307692307692, 24.0, 19.5, 14.142857142857142, 15.0, 12.088235294117647, 14.5, 12.916666666666666, 12.703703703703704, 16.166666666666668, 24.0, 14.090909090909092, 12.770491803278688, 12.5, 12.85, 12.476190476190476, 13.088235294117647, 14.454545454545455, 12.538461538461538, 12.316666666666666, 16.857142857142858, 11.806451612903226, 13.25, 14.88888888888889, 12.444444444444445, 25.0, 12.159574468085106, 16.2, 13.133333333333333, 14.294117647058824, 12.976190476190476, 13.761904761904763, 15.222222222222221, 12.857142857142858, 12.375, 12.661290322580646, 12.357142857142858, 13.727272727272727, 13.714285714285714, 21.0, 26.0, 13.6, 12.833333333333334, 12.58695652173913, 14.363636363636363, 18.5, 12.892857142857142, 14.0, 14.0, 12.192307692307692, 23.0, 14.882352941176471, 12.926829268292684, 13.235294117647058, 30.0, 12.160493827160494, 17.0, 14.095238095238095, 22.5, 27.0] ;
scatter(PCSTFast, ELODFast, '.')

name = 'ER(1000,0.02)'
ELODFast =  [31.769230769230766, 31.07692307692308, 30.666666666666668, 31.083333333333336, 32.625, 31.875, 34.0, 31.0, 29.866666666666667, 40.666666666666664, 33.57142857142857, 36.666666666666664, 28.666666666666668, 32.083333333333336, 30.727272727272727, 31.714285714285715, 45.0, 54.0, 33.666666666666664, 34.0, 32.333333333333336, 31.888888888888886, 31.666666666666664, 34.5, 58.0, 49.0, 31.0, 35.833333333333336, 32.45454545454545, 59.0, 34.666666666666664, 32.083333333333336, 35.833333333333336, 52.0, 31.5, 35.6, 34.125, 32.18181818181818, 34.0, 32.18181818181818, 29.642857142857142, 33.57142857142857, 33.166666666666664, 35.714285714285715, 32.857142857142854, 31.07692307692308, 30.555555555555557, 37.0, 45.0, 31.727272727272727, 29.76923076923077, 35.166666666666664, 31.666666666666664, 32.18181818181818, 29.944444444444443, 43.0, 31.625, 30.083333333333332, 31.083333333333336, 34.0, 32.0, 31.166666666666664, 29.75, 30.533333333333335, 29.941176470588236, 30.266666666666666, 30.0, 34.5, 33.4, 30.333333333333332, 29.533333333333335, 31.57142857142857, 41.0, 31.92307692307692, 30.545454545454547, 31.333333333333336, 30.833333333333332, 31.6, 37.333333333333336, 46.0, 30.666666666666668, 34.8, 31.799999999999997, 30.125, 33.625, 38.0, 31.363636363636367, 32.583333333333336, 31.416666666666664, 56.0, 32.714285714285715, 34.0, 40.0, 29.72, 33.22222222222222, 34.166666666666664, 32.375, 35.0, 33.285714285714285, 31.333333333333336] ;
PCSTFast =  [24.81578947368421, 26.555555555555557, 23.388535031847134, 24.570093457943926, 25.03846153846154, 24.816666666666666, 24.050314465408807, 23.596774193548388, 23.528735632183906, 24.02061855670103, 26.833333333333332, 24.724137931034484, 24.541666666666668, 27.4375, 28.666666666666668, 24.933333333333334, 24.341463414634145, 24.90566037735849, 23.945945945945947, 29.2, 24.839285714285715, 26.142857142857142, 23.838461538461537, 24.89830508474576, 25.98148148148148, 24.8, 25.84375, 31.285714285714285, 24.791666666666668, 27.545454545454547, 26.26923076923077, 24.866666666666667, 28.083333333333332, 24.33823529411765, 24.81875, 25.37037037037037, 28.3, 25.023809523809526, 25.35483870967742, 29.0, 24.169642857142858, 28.8, 25.5, 26.541666666666668, 25.666666666666668, 25.22222222222222, 25.375, 25.448275862068964, 28.75, 43.0, 26.53846153846154, 25.403846153846153, 48.0, 26.2, 25.38888888888889, 25.5, 23.607843137254903, 25.253731343283583, 25.473684210526315, 25.311475409836067, 27.77777777777778, 24.40776699029126, 24.93846153846154, 24.074074074074073, 24.3, 24.928571428571427, 24.484848484848484, 35.25, 24.372881355932204, 24.095890410958905, 24.154929577464788, 24.54320987654321, 25.035087719298247, 23.917241379310344, 24.522222222222222, 24.283333333333335, 26.40909090909091, 45.0, 30.5, 25.08695652173913, 26.916666666666668, 22.865168539325843, 32.333333333333336, 26.047619047619047, 24.051948051948052, 25.606060606060606, 23.71875, 25.933333333333334, 24.74074074074074, 29.375, 42.0, 25.75, 31.333333333333336, 25.4375, 24.914634146341463, 56.0, 27.363636363636363, 24.52173913043478, 23.87958115183246, 27.875] ;
scatter(PCSTFast, ELODFast, '.')

name = 'ER(2000,0.02)'
ELODFast =  [64.66666666666667, 73.33333333333333, 57.642857142857146, 57.23076923076923, 74.5, 95.0, 68.2, 55.10344827586207, 100.0, 60.375, 58.0, 61.857142857142854, 59.22222222222222, 65.25, 55.07692307692308, 63.33333333333333, 57.47826086956522, 60.375, 63.16666666666667, 65.66666666666667, 56.04, 60.833333333333336, 58.13636363636363, 72.33333333333333, 90.0, 64.85714285714286, 68.25, 54.6764705882353, 55.95652173913044, 57.476190476190474, 101.0, 61.0, 113.0, 60.714285714285715, 59.333333333333336, 55.81818181818182, 55.642857142857146, 61.0, 106.0, 70.0, 65.4, 58.05555555555556, 62.8, 56.458333333333336, 69.25, 66.0, 73.5, 84.0, 60.166666666666664, 73.0, 59.7, 75.0, 63.8, 66.66666666666667, 60.57142857142857, 59.875, 57.08, 63.33333333333333, 87.0, 55.592592592592595, 67.25, 64.2, 68.0, 67.0, 82.5, 63.75, 54.53846153846154, 64.8, 55.2962962962963, 59.5, 58.705882352941174, 55.0, 60.0, 62.8, 54.86206896551724, 54.81818181818182, 58.875, 67.66666666666667, 58.5, 55.80769230769231, 56.55555555555556, 56.625, 58.07142857142857, 58.142857142857146, 57.04347826086956, 58.875, 65.0, 55.63333333333333, 55.03333333333333, 57.083333333333336, 63.8, 75.5, 56.68181818181818, 77.5, 55.44, 69.5, 55.77777777777778, 68.0, 55.15384615384615, 54.833333333333336] ;
PCSTFast =  [47.85263157894737, 52.07692307692308, 48.261744966442954, 51.2, 51.30434782608695, 47.863157894736844, 46.65185185185185, 46.548022598870055, 47.13, 52.93333333333333, 49.8, 49.41379310344828, 50.111111111111114, 79.0, 55.333333333333336, 48.833333333333336, 46.94949494949495, 49.80487804878049, 48.53703703703704, 49.44, 56.75, 48.432432432432435, 49.07575757575758, 52.47826086956522, 47.140625, 51.44444444444444, 47.49166666666667, 48.07142857142857, 50.05555555555556, 51.03225806451613, 56.8, 48.67307692307692, 55.666666666666664, 49.689655172413794, 82.0, 50.48148148148148, 47.17333333333333, 53.75, 66.66666666666667, 51.72222222222222, 54.875, 53.5, 46.87837837837838, 49.1578947368421, 51.85, 49.04255319148936, 49.2, 59.5, 49.56818181818182, 47.72463768115942, 54.666666666666664, 45.82153846153846, 47.75431034482759, 51.4375, 51.0, 55.4, 51.77777777777778, 47.726190476190474, 48.2972972972973, 48.36363636363637, 51.666666666666664, 49.075, 47.97142857142857, 50.69230769230769, 48.671875, 49.42307692307692, 47.80769230769231, 47.264462809917354, 47.86407766990291, 46.23076923076923, 49.116279069767444, 89.0, 49.18181818181818, 49.45238095238095, 46.98039215686274, 46.75949367088607, 46.8719512195122, 91.0, 48.43037974683544, 47.891304347826086, 47.93805309734513, 54.36363636363637, 49.42307692307692, 47.56521739130435, 47.93617021276596, 49.1, 53.0, 48.532467532467535, 53.0, 48.51428571428571, 49.77777777777778, 49.142857142857146, 47.84, 49.714285714285715, 48.20779220779221, 47.90163934426229, 49.3, 46.24166666666667, 48.15686274509804, 46.447916666666664] ;
scatter(PCSTFast, ELODFast, '.')

name = 'ER(100,0.03)'
ELODFast =  [7.0, 8.666666666666666, 5.2727272727272725, 5.125, 5.333333333333333, 5.0, 13.0, 4.4, 11.0, 6.222222222222222, 5.285714285714286, 4.285714285714286, 4.846153846153846, 1.0, 4.888888888888889, 11.0, 12.0, 4.4, 5.0, 5.857142857142857, 8.2, 5.166666666666667, 4.909090909090909, 4.285714285714286, 4.0, 4.2727272727272725, 7.0, 5.111111111111111, 5.666666666666667, 5.666666666666667, 5.166666666666667, 4.0, 7.0, 6.285714285714286, 4.6, 5.266666666666667, 7.6, 10.0, 6.0, 8.0, 8.0, 7.0, 5.5, 4.5, 6.8, 6.25, 5.75, 4.777777777777778, 6.5, 4.142857142857143, 6.6, 5.857142857142857, 4.352941176470588, 6.333333333333333, 7.5, 4.625, 5.285714285714286, 5.066666666666666, 5.0, 10.0, 5.857142857142857, 4.555555555555555, 6.5, 4.555555555555555, 8.5, 6.0, 4.888888888888889, 7.5, 4.5, 5.833333333333333, 5.75, 5.5, 4.0, 5.222222222222222, 3.3181818181818183, 7.0, 1.0, 4.888888888888889, 6.75, 4.571428571428571, 7.333333333333334, 5.142857142857143, 7.5, 5.4, 6.5, 5.4, 9.0, 5.111111111111111, 7.0, 5.0, 5.833333333333333, 5.0, 6.666666666666667, 6.6, 5.857142857142857, 7.666666666666666, 7.5, 5.8, 5.8, 6.25] ;
PCSTFast =  [4.4, 4.333333333333333, 4.7, 5.5, 5.0, 2.725, 7.0, 3.7368421052631575, 3.7142857142857144, 5.0, 5.4, 3.7199999999999998, 3.92, 1.0, 4.222222222222222, 3.782608695652174, 7.5, 4.25, 4.0, 4.714285714285714, 6.5, 7.0, 3.833333333333333, 3.8, 3.5882352941176467, 4.3, 4.8125, 9.0, 9.0, 4.333333333333333, 4.8, 3.5, 6.666666666666667, 5.111111111111111, 4.0, 7.0, 7.5, 5.5, 4.909090909090909, 11.0, 8.0, 7.0, 5.5, 5.0, 4.5, 7.0, 6.5, 5.2, 6.0, 4.0, 6.0, 6.0, 4.625, 6.333333333333333, 6.0, 4.25, 3.7391304347826084, 4.375, 4.3076923076923075, 10.0, 5.333333333333333, 4.0, 4.75, 4.2, 10.0, 4.5, 4.0, 7.0, 4.0, 6.5, 5.25, 4.0, 4.0, 4.2, 3.0666666666666664, 5.8, 1.0, 5.333333333333333, 5.5, 4.0, 5.090909090909091, 4.25, 4.038461538461538, 4.0, 4.6923076923076925, 5.666666666666667, 9.0, 3.7272727272727275, 6.333333333333333, 4.0, 4.266666666666667, 4.037037037037037, 4.352941176470588, 6.333333333333333, 5.5, 4.8, 5.142857142857143, 3.3888888888888893, 4.7, 6.666666666666667] ;
scatter(PCSTFast, ELODFast, '.')

name = 'ER(200,0.03)'
ELODFast =  [11.5, 11.666666666666666, 10.5, 11.142857142857142, 17.0, 12.6, 11.5, 11.0, 21.0, 15.0, 10.0, 10.222222222222221, 21.0, 11.833333333333334, 11.2, 13.0, 14.0, 12.142857142857142, 17.5, 12.0, 10.285714285714286, 19.0, 11.285714285714286, 10.666666666666666, 9.583333333333334, 9.285714285714286, 9.714285714285714, 11.6, 10.666666666666666, 14.333333333333334, 12.166666666666666, 10.0, 16.0, 13.0, 8.833333333333334, 11.833333333333334, 12.5, 13.666666666666666, 13.0, 11.0, 11.375, 11.75, 13.0, 10.272727272727273, 12.0, 8.615384615384615, 20.0, 9.571428571428571, 12.75, 10.375, 12.5, 10.9, 11.0, 9.363636363636363, 10.0, 10.166666666666666, 12.8, 9.785714285714286, 9.272727272727273, 11.666666666666666, 10.384615384615385, 8.727272727272727, 12.0, 9.181818181818182, 11.23076923076923, 11.142857142857142, 12.0, 12.0, 9.777777777777779, 10.142857142857142, 11.5, 10.0, 10.5, 10.6, 11.75, 13.75, 10.428571428571429, 11.5, 12.25, 11.333333333333334, 14.0, 11.666666666666666, 10.666666666666666, 12.0, 12.0, 14.5, 10.3, 9.5625, 11.333333333333334, 10.166666666666666, 9.466666666666667, 11.6, 9.933333333333334, 10.333333333333334, 9.866666666666667, 24.0, 8.818181818181818, 15.0, 18.0, 9.142857142857142] ;
PCSTFast =  [8.647058823529411, 13.0, 9.75, 7.870967741935484, 8.052631578947368, 9.3, 8.482758620689655, 8.071428571428571, 8.6, 7.555555555555555, 8.428571428571429, 9.714285714285714, 15.0, 9.5, 8.636363636363637, 10.6, 8.75, 8.733333333333333, 12.2, 17.0, 8.090909090909092, 10.0, 7.703703703703704, 7.365384615384615, 11.0, 8.15, 9.0, 8.217391304347826, 8.392857142857142, 8.41025641025641, 15.0, 6.770833333333333, 13.666666666666666, 9.636363636363637, 7.2857142857142865, 8.8, 10.0, 7.76923076923077, 12.5, 21.0, 13.0, 9.0, 7.0588235294117645, 9.0, 6.961538461538462, 8.0, 20.0, 7.678571428571429, 10.666666666666666, 8.0, 15.0, 9.272727272727273, 14.0, 7.363636363636363, 7.48, 7.0606060606060606, 7.686274509803921, 7.392156862745098, 7.818181818181818, 6.769230769230769, 12.5, 7.333333333333334, 8.666666666666666, 6.6, 12.0, 11.5, 13.0, 9.428571428571429, 8.142857142857142, 9.0, 9.428571428571429, 7.909090909090908, 11.0, 8.16, 13.0, 8.869565217391305, 7.870967741935484, 9.4, 8.15, 8.416666666666666, 7.689655172413794, 10.0, 10.5, 8.714285714285714, 7.695652173913043, 11.0, 7.431372549019608, 18.0, 12.0, 8.5, 7.482758620689655, 8.6, 8.444444444444445, 8.615384615384615, 8.7, 7.92, 7.538461538461538, 8.166666666666666, 8.8, 8.04] ;
scatter(PCSTFast, ELODFast, '.')

name = 'ER(300,0.03)'
ELODFast =  [27.0, 15.647058823529413, 16.166666666666668, 15.25, 28.0, 13.68421052631579, 15.25, 15.714285714285715, 12.5, 18.25, 13.357142857142858, 15.181818181818183, 15.8, 16.0, 13.4, 13.4375, 15.25, 26.0, 18.25, 15.875, 16.363636363636363, 16.11111111111111, 21.5, 14.0, 12.631578947368421, 17.0, 16.0, 16.0, 15.899999999999999, 15.125, 16.2, 14.615384615384615, 17.8, 15.0, 17.25, 16.6, 16.5, 13.173913043478262, 28.0, 19.0, 20.5, 16.0, 19.0, 15.454545454545453, 16.5, 16.333333333333332, 17.25, 15.125, 16.142857142857142, 15.666666666666668, 19.333333333333332, 17.6, 24.0, 13.5, 15.0, 14.25, 17.5, 14.7, 13.5, 15.181818181818183, 17.857142857142858, 14.333333333333334, 15.857142857142858, 15.600000000000001, 17.5, 15.100000000000001, 16.125, 19.333333333333332, 17.4, 16.571428571428573, 15.666666666666668, 16.666666666666668, 14.666666666666666, 16.0, 15.75, 17.166666666666668, 14.5, 17.4, 18.0, 15.0, 15.222222222222221, 16.5, 18.8, 15.142857142857142, 16.285714285714285, 14.25, 15.444444444444443, 16.25, 16.5, 22.5, 14.666666666666666, 15.285714285714285, 14.571428571428571, 18.0, 21.5, 17.5, 13.846153846153847, 21.5, 14.0, 14.375] ;
PCSTFast =  [11.689655172413794, 14.125, 10.970149253731343, 11.333333333333334, 12.142857142857142, 10.486486486486486, 17.0, 12.26086956521739, 11.8, 14.625, 10.457627118644067, 17.666666666666668, 11.162162162162161, 11.428571428571429, 12.421052631578947, 10.958333333333334, 13.4, 26.0, 13.5, 11.096774193548388, 13.76923076923077, 11.928571428571429, 14.181818181818182, 11.30952380952381, 10.81081081081081, 18.0, 12.125, 10.702702702702704, 13.75, 23.0, 13.285714285714286, 12.4, 13.133333333333333, 13.25, 11.8, 11.25, 12.518518518518519, 12.25, 28.0, 10.986666666666666, 11.575, 14.8, 11.074074074074074, 12.875, 10.676470588235293, 10.8, 11.791666666666666, 11.461538461538462, 12.65, 11.851851851851851, 25.0, 12.366666666666667, 11.033333333333333, 11.272727272727273, 17.0, 10.63265306122449, 11.416666666666666, 24.0, 10.857142857142858, 11.725, 11.714285714285714, 11.916666666666666, 11.916666666666666, 12.0, 13.818181818181818, 12.0, 11.341463414634147, 10.905405405405405, 20.0, 11.4, 13.571428571428571, 11.807692307692308, 11.521739130434783, 19.0, 11.64102564102564, 22.0, 10.757575757575758, 10.631067961165048, 10.758064516129032, 12.285714285714286, 10.846153846153847, 16.0, 12.085714285714285, 11.774193548387096, 23.0, 19.0, 11.325, 22.0, 10.852459016393443, 16.4, 20.0, 17.0, 10.672727272727272, 13.411764705882353, 26.0, 13.5625, 10.884615384615385, 14.11111111111111, 11.771428571428572, 12.625] ;
scatter(PCSTFast, ELODFast, '.')

name = 'ER(500,0.03)'
ELODFast =  [23.625, 25.166666666666668, 23.705882352941178, 25.6, 22.53846153846154, 24.53846153846154, 27.5, 24.285714285714285, 22.823529411764707, 23.8125, 23.77777777777778, 25.375, 26.142857142857142, 29.0, 24.333333333333332, 23.666666666666668, 46.0, 24.09090909090909, 26.25, 23.071428571428573, 23.923076923076923, 29.666666666666668, 23.428571428571427, 33.0, 24.75, 25.333333333333332, 23.90909090909091, 22.666666666666668, 23.0, 23.733333333333334, 43.0, 24.2, 24.545454545454547, 25.083333333333332, 37.0, 25.0, 24.75, 23.444444444444443, 23.666666666666668, 35.0, 33.5, 27.5, 23.5, 27.0, 29.25, 21.64, 41.0, 22.555555555555557, 24.571428571428573, 25.2, 25.166666666666668, 26.428571428571427, 40.0, 26.0, 21.217391304347824, 36.0, 41.0, 45.0, 23.25, 22.61904761904762, 28.25, 39.0, 22.666666666666668, 24.3, 23.6, 28.0, 21.692307692307693, 24.533333333333335, 27.25, 23.692307692307693, 40.0, 22.80952380952381, 25.0, 25.6, 26.666666666666668, 23.846153846153847, 21.916666666666668, 23.4, 27.5, 28.333333333333332, 25.4, 23.4, 39.0, 24.6, 24.625, 39.0, 22.066666666666666, 26.4, 28.75, 31.5, 22.866666666666667, 22.785714285714285, 28.333333333333332, 23.90909090909091, 23.42105263157895, 23.846153846153847, 26.25, 23.454545454545453, 22.25, 42.0] ;
PCSTFast =  [18.791666666666668, 18.903225806451612, 21.428571428571427, 31.0, 34.0, 18.74468085106383, 19.29032258064516, 20.416666666666668, 18.181818181818183, 17.715328467153284, 20.444444444444443, 40.0, 18.1875, 18.729166666666668, 28.5, 18.22222222222222, 23.0, 19.105263157894736, 19.63157894736842, 19.916666666666668, 20.466666666666665, 18.0, 20.153846153846153, 26.0, 18.47826086956522, 22.333333333333332, 17.92982456140351, 19.3, 23.5, 22.2, 22.2, 18.64179104477612, 18.672727272727272, 20.4, 21.1, 18.48076923076923, 18.644736842105264, 19.125, 18.68421052631579, 18.42391304347826, 18.70967741935484, 21.714285714285715, 18.475, 20.57894736842105, 19.2, 19.17241379310345, 41.0, 17.634920634920636, 17.708333333333332, 18.82051282051282, 18.875, 18.871794871794872, 18.857142857142858, 19.88888888888889, 20.0, 23.25, 17.633802816901408, 39.0, 18.266666666666666, 21.8, 18.884057971014492, 22.6, 22.166666666666668, 22.75, 18.113636363636363, 19.785714285714285, 17.74, 21.857142857142858, 19.952380952380953, 21.571428571428573, 25.2, 21.666666666666668, 18.923076923076923, 18.3, 21.846153846153847, 23.8, 18.46153846153846, 19.607142857142858, 18.209302325581394, 18.414634146341463, 21.333333333333332, 22.444444444444443, 22.833333333333332, 20.333333333333332, 20.583333333333332, 18.342105263157894, 18.2987012987013, 19.340425531914892, 19.0, 21.6, 19.814814814814813, 20.23076923076923, 21.571428571428573, 18.34, 18.91304347826087, 18.77777777777778, 18.276923076923076, 19.3, 19.952380952380953, 19.19047619047619] ;
scatter(PCSTFast, ELODFast, '.')

name = 'ER(1000,0.03)'
ELODFast =  [51.5, 48.142857142857146, 44.84615384615385, 43.421052631578945, 45.3, 50.25, 59.0, 49.0, 45.0, 42.285714285714285, 63.0, 44.0, 45.42857142857143, 45.333333333333336, 45.625, 56.0, 57.0, 50.0, 47.142857142857146, 47.333333333333336, 42.888888888888886, 44.23076923076923, 46.25, 45.916666666666664, 80.0, 45.4, 45.45454545454545, 48.0, 48.42857142857143, 52.5, 63.5, 45.0, 53.0, 47.75, 47.875, 52.2, 47.625, 49.0, 44.888888888888886, 51.6, 53.666666666666664, 62.5, 44.142857142857146, 43.95454545454545, 49.42857142857143, 46.25, 42.61538461538461, 46.857142857142854, 69.0, 48.333333333333336, 72.0, 49.5, 46.44444444444444, 46.7, 43.666666666666664, 46.0, 44.7, 46.0, 45.888888888888886, 42.63636363636363, 46.142857142857146, 45.888888888888886, 42.875, 78.0, 45.8, 43.714285714285715, 43.75, 44.083333333333336, 44.333333333333336, 50.166666666666664, 50.8, 44.25, 45.25, 47.1, 43.1764705882353, 46.36363636363637, 42.4375, 44.90909090909091, 46.714285714285715, 72.0, 45.77777777777778, 46.333333333333336, 44.111111111111114, 43.5, 78.0, 47.5, 40.7906976744186, 87.0, 54.0, 81.0, 42.93333333333333, 46.333333333333336, 48.0, 46.25, 49.833333333333336, 48.6, 44.61538461538461, 44.3, 43.06666666666667, 44.0] ;
PCSTFast =  [36.392857142857146, 38.8125, 41.833333333333336, 39.470588235294116, 37.172413793103445, 36.28169014084507, 37.77777777777778, 36.85, 38.18181818181818, 39.56, 35.97560975609756, 39.0, 35.9, 35.888888888888886, 36.48076923076923, 39.888888888888886, 36.71666666666667, 35.148936170212764, 38.333333333333336, 37.674418604651166, 45.4, 36.6875, 37.74074074074074, 36.2, 41.0, 37.17777777777778, 39.77777777777778, 39.0, 42.111111111111114, 74.0, 36.14423076923077, 44.6, 79.0, 74.0, 42.857142857142854, 36.55769230769231, 38.24, 36.189189189189186, 38.59375, 35.295180722891565, 37.193548387096776, 38.41935483870968, 39.25, 37.431372549019606, 36.793103448275865, 37.8, 35.5625, 34.957142857142856, 37.0, 36.1875, 41.22222222222222, 36.275862068965516, 38.81818181818182, 37.6, 37.608695652173914, 61.0, 34.80379746835443, 38.206896551724135, 59.0, 43.0, 64.0, 39.470588235294116, 40.61538461538461, 72.0, 37.45, 40.5, 34.924369747899156, 34.64035087719298, 36.31578947368421, 69.0, 36.4375, 35.613207547169814, 39.5, 41.666666666666664, 37.53658536585366, 36.7037037037037, 35.78740157480315, 36.654545454545456, 35.6078431372549, 35.338582677165356, 35.8421052631579, 36.395348837209305, 37.256410256410255, 36.12765957446808, 35.89010989010989, 36.5, 36.82857142857143, 36.077669902912625, 35.79194630872483, 40.57142857142857, 39.63636363636363, 35.80487804878049, 37.375, 38.46153846153846, 42.333333333333336, 39.2, 63.0, 37.4, 41.857142857142854, 37.958333333333336] ;
scatter(PCSTFast, ELODFast, '.')